Number of elements	Merge Sort	Selection Sort
1	1510	2266
2	2643	755
3	2643	756
4	2266	378
5	2643	755
6	2643	755
7	3021	755
8	3398	755
9	3776	1132
10	4154	1510
11	4908	1133
12	5663	1510
13	6796	1888
14	6041	1888
15	6797	1888
16	7174	2265
17	10195	3398
18	8306	2644
19	8684	3021
20	10573	3021
21	9817	3398
22	11327	4531
23	15103	4154
24	11705	4153
25	12083	4908
26	12837	4909
27	15481	5286
28	13970	5664
29	15481	6041
30	15481	6418
31	14725	6419
32	16236	7174
33	16614	7174
34	18124	9439
35	16992	8306
36	6419	8307
37	6041	10194
38	5664	9440
39	8684	9817
40	6419	10195
41	7174	10195
42	6796	13215
43	7174	11705
44	6797	12083
45	6796	12838
46	7174	13216
47	20389	13971
48	5664	14348
49	6041	14726
50	5286	15858
51	4908	15858
52	5287	16613
53	5286	17369
54	5664	17369
55	5287	18124
56	5664	18501
57	5664	19257
58	5663	20390
59	6041	20012
60	6042	21522
61	6041	22655
62	23787	24543
63	6419	23410
64	6041	23788
65	6419	24920
66	6419	26053
67	7174	25676
68	6797	26808
69	6419	31717
70	7174	82313
71	12460	31339
72	7929	33982
73	7174	33605
74	7929	35115
75	7551	37381
76	7551	37003
77	7174	37758
78	7551	46065
79	8685	38135
80	8306	15858
81	8684	12838
82	8307	18501
83	8684	15103
84	9439	20012
85	9062	15103
86	7930	20767
87	9817	12083
88	10949	11328
89	8684	10950
90	9440	13215
91	9062	12083
92	8684	12460
93	9440	12083
94	9440	12461
95	9062	12460
96	10195	13215
97	9817	13970
98	9817	13215
99	10195	13970
100	9817	13971
101	11327	14726
102	11327	15104
103	10572	18501
104	11328	15103
105	11327	15859
106	11327	15858
107	11705	23410
108	10950	16991
109	11705	16991
110	11327	16236
111	11327	17368
112	12082	21900
113	14726	29451
114	16614	18502
115	12460	17746
116	11705	18501
117	12082	18879
118	12082	19257
119	12082	20767
120	12083	22277
121	13215	21900
122	17746	21900
123	12460	22278
124	13970	25676
125	12837	21523
126	12838	21900
127	15103	38891
128	14725	24543
129	16614	23411
130	13216	23410
131	16991	23788
132	14348	24165
133	18124	24920
134	14348	24920
135	14726	25298
136	14348	24920
137	14726	26053
138	17368	26054
139	13971	26431
140	16236	27186
141	14348	27564
142	14726	27941
143	15481	27941
144	14726	28318
145	24543	52861
146	26430	49085
147	16991	29451
148	16236	29829
149	15858	30584
150	16236	31717
151	16614	31717
152	16614	39268
153	16236	36248
154	16991	32472
155	15858	32850
156	15859	32850
157	15481	33605
158	15858	33605
159	16991	34737
160	17747	41534
161	15481	35116
162	16991	37381
163	16991	37381
164	18124	38514
165	17369	37758
166	17747	42290
167	18501	37758
168	18501	38513
169	18501	38514
170	17746	38891
171	18501	41157
172	18501	40024
173	20012	41534
174	21522	40779
175	19257	41534
176	18880	47198
177	19256	41911
178	19634	43044
179	19257	43799
180	18879	44554
181	19635	44177
182	19257	44932
183	19634	45687
184	21144	45310
185	27563	82313
186	42290	83445
187	35115	90998
188	35115	86466
189	34737	69853
190	21900	48708
191	22278	48708
192	30206	91375
193	36248	98549
194	37003	92885
195	34360	94395
196	42667	97039
197	37003	94395
198	38891	97416
199	36247	98171
200	38891	103835
201	36625	57392
202	26053	55505
203	21523	67965
204	22655	58902
205	22278	58903
206	23410	57015
207	25298	58525
208	32094	63811
209	16614	58525
210	15859	60036
211	16236	63433
212	16613	60791
213	15859	93263
214	15859	63811
215	20390	62301
216	16613	62301
217	16236	63056
218	16613	62679
219	16614	63434
220	16236	64566
221	16236	65700
222	16613	65699
223	16236	66077
224	16613	66455
225	16991	67587
226	16991	67587
227	21900	68343
228	17368	69475
229	16991	69852
230	18124	70230
231	18501	70986
232	17369	72873
233	18502	72118
234	17746	73629
235	18879	73251
236	18879	74006
237	17747	76271
238	18502	89487
239	17746	76650
240	25298	76272
241	17368	77782
242	18879	77782
243	18124	78159
244	18502	78915
245	19257	90619
246	19634	80425
247	20012	78160
248	20389	90997
249	18879	88354
250	20390	84200
251	18879	90241
252	18501	84956
253	20012	95528
254	20011	88354
255	20390	87222
256	26808	161982
257	31716	160850
258	30962	166891
259	31339	108365
260	21522	92508
261	22655	89864
262	20767	90997
263	21522	90998
264	20389	99681
265	23788	92885
266	20767	93641
267	24165	98549
268	21522	100437
269	20767	108744
270	21145	97794
271	21899	97039
272	20389	98926
273	21900	98926
274	21899	103458
275	21899	100059
276	21522	104590
277	21522	104590
278	23788	112519
279	22277	10195
280	21522	9439
281	21522	8684
282	21900	8307
283	21900	8684
284	22277	8306
285	22278	8306
286	22277	7929
287	25676	8306
288	24920	11327
289	23410	8307
290	21899	8685
291	23788	8307
292	21900	8684
293	21900	8306
294	23411	8684
295	23788	8684
296	23033	8684
297	22277	8685
298	23033	8685
299	23410	8684
300	23410	9062
301	24165	8684
302	23787	9062
303	22655	9062
304	22655	9062
305	23410	9062
306	22655	9439
307	23032	9062
308	23033	9439
309	24920	9440
310	25675	9439
311	24165	10950
312	23787	9817
313	23788	9440
314	23410	9818
315	24165	9817
316	24543	9817
317	24165	10195
318	49841	16236
319	29829	16613
320	30584	16236
321	30585	17369
322	30962	16613
323	32850	17368
324	32094	18124
325	32095	18124
326	32095	18124
327	29829	10950
328	24543	10950
329	24543	10950
330	23033	10950
331	32850	10949
332	23788	10950
333	23787	10950
334	24542	10950
335	23788	10949
336	24165	11327
337	23410	11328
338	24165	11327
339	24920	11327
340	24166	11327
341	24920	11327
342	24543	11328
343	25298	11705
344	24165	11705
345	24543	11705
346	24543	12082
347	25675	11705
348	26053	12082
349	27563	18502
350	32472	14726
351	32472	15481
352	32094	17369
353	32850	12838
354	27563	12838
355	26053	12838
356	26053	13593
357	26431	12837
358	26431	12460
359	26053	12460
360	26053	12838
361	26430	12838
362	25298	12838
363	27186	13215
364	26431	13215
365	26431	13215
366	26053	13593
367	28696	13593
368	27941	16991
369	30207	13593
370	26431	13215
371	37758	23032
372	27186	13593
373	27186	13970
374	26431	13970
375	26808	15103
376	27564	13970
377	29074	13970
378	28697	14348
379	29829	14348
380	27563	14348
381	38891	25298
382	41534	26053
383	42667	25675
384	39268	15480
385	28696	15481
386	29452	15104
387	33982	15103
388	33605	15480
389	34737	15481
390	30584	15103
391	29073	15481
392	28696	15103
393	28318	15103
394	29074	15481
395	29451	15480
396	36626	15481
397	28697	15858
398	30206	16613
399	30584	15858
400	33604	15858
401	30207	15859
402	37758	16236
403	29452	16236
404	30206	16236
405	33605	16614
406	29451	18124
407	38513	26808
408	40779	27186
409	43799	24920
410	41534	28697
411	43422	28696
412	41911	28696
413	50973	29452
414	42289	29451
415	42667	30207
416	44177	31339
417	47575	31339
418	45310	31340
419	47198	31339
420	47953	31339
421	46443	31717
422	47198	31717
423	46064	31717
424	45687	28319
425	44555	31339
426	44177	28319
427	36625	18501
428	32849	19257
429	31717	18502
430	40779	18501
431	33982	18502
432	36626	18501
433	33982	18124
434	32095	18502
435	32094	18502
436	31340	18502
437	33227	18879
438	32095	18879
439	33227	18879
440	36625	19257
441	32472	19256
442	33227	19257
443	37381	18880
444	37003	18879
445	45310	19257
446	33605	19634
447	33605	19256
448	32095	19634
449	32094	19634
450	32094	19634
451	31339	20012
452	31340	19635
453	33604	20012
454	33227	20012
455	33227	20390
456	33604	20390
457	38136	20389
458	41157	20767
459	37758	20767
460	34360	20767
461	45687	20390
462	33982	21145
463	41156	21145
464	33982	21144
465	35870	21145
466	40401	21144
467	37758	31717
468	38136	21522
469	38514	21522
470	34737	21522
471	39268	21900
472	34737	21900
473	36626	21899
474	37758	22278
475	35115	21900
476	35493	22277
477	34738	22277
478	37003	21900
479	39268	22277
480	38891	22655
481	47198	22655
482	41911	22655
483	38136	22655
484	35870	23410
485	47576	23032
486	37758	25298
487	38513	23033
488	39646	23410
489	39646	23033
490	41156	23410
491	37003	23410
492	37381	23410
493	37003	23410
494	39268	23410
495	41912	23787
496	40023	24165
497	40024	24165
498	38514	23787
499	37381	24165
500	37758	24166
501	38513	23788
502	38135	24921
503	39646	24543
504	37758	24166
505	40402	24542
506	43422	24166
507	37380	24543
508	37758	24920
509	41156	24921
510	43044	24921
511	44177	24920
512	57015	25298
513	39646	24920
514	38891	25298
515	47575	25298
516	39269	25298
517	40023	25676
518	39268	25676
519	38891	26053
520	39646	26053
521	39646	25676
522	39269	26053
523	39646	25675
524	41157	26053
525	40402	26430
526	40024	26430
527	39646	27186
528	39269	26808
529	39268	26430
530	41156	26808
531	44555	27186
532	40401	27186
533	40401	27186
534	41912	27563
535	40779	27564
536	40024	27563
537	39646	27563
538	40024	27564
539	41534	27563
540	41534	27563
541	41157	28318
542	41156	27941
543	41534	30207
544	41156	28319
545	40779	28318
546	42289	28319
547	42667	31339
548	43799	28696
549	41534	28696
550	41156	28697
551	44932	30585
552	44177	28696
553	44177	29073
554	42667	29074
555	43044	29452
556	42666	29452
557	43421	29452
558	41534	29829
559	47575	29451
560	42667	29451
561	43044	29829
562	43044	29829
563	43421	29829
564	43044	30206
565	42667	30206
566	44555	29828
567	43044	30206
568	43044	30584
569	43799	30206
570	43044	30962
571	42666	30962
572	43044	30961
573	44555	30584
574	44177	30962
575	42667	31339
576	42667	31339
577	43044	31339
578	44555	31339
579	43800	31339
580	44555	32094
581	44555	31717
582	43799	32095
583	43800	32094
584	44177	32095
585	43799	37381
586	43799	32472
587	44177	32095
588	44177	32472
589	43800	32472
590	44932	32850
591	45687	32850
592	45687	32850
593	45687	32850
594	46065	32849
595	45688	32849
596	45309	33228
597	46065	33605
598	45310	33227
599	45687	33605
600	50974	33605
601	46443	35493
602	50596	33983
603	46065	33982
604	45310	33983
605	46065	35115
606	47197	33983
607	48708	34737
608	46065	34360
609	46820	34738
610	46065	34360
611	46443	34737
612	52862	35115
613	45688	35115
614	49086	35115
615	47576	35492
616	46065	35870
617	46443	35115
618	45687	35871
619	45310	37003
620	46443	35870
621	47198	35870
622	46443	36625
623	67587	43044
624	46820	36248
625	47198	39646
626	46820	38513
627	47198	36248
628	48330	36625
629	48331	36625
630	48330	36626
631	49086	37380
632	47953	37003
633	50596	37003
634	56637	37003
635	47953	37381
636	56259	37758
637	47953	38135
638	46820	37758
639	47575	37758
640	47575	38136
641	47953	38136
642	52862	38136
643	47953	38513
644	48708	38513
645	49085	38891
646	48331	38513
647	47575	38514
648	48708	38514
649	48708	38891
650	47952	38891
651	50218	39646
652	47952	39269
653	49086	39268
654	48331	39268
655	49841	40024
656	50218	39646
657	50596	39646
658	50596	39646
659	50973	40024
660	51351	40024
661	50596	40401
662	50596	40779
663	50219	40401
664	50596	41534
665	50973	40779
666	50218	40779
667	50974	41156
668	54750	41534
669	56637	42667
670	53239	43044
671	51351	41534
672	50596	41534
673	53239	42289
674	51351	41534
675	52106	41912
676	52107	41911
677	52484	41911
678	145747	42289
679	57015	42289
680	51351	42667
681	51351	43800
682	51729	42666
683	51728	43045
684	52107	43044
685	52484	43045
686	52106	43044
687	50973	43044
688	52107	43421
689	51351	43422
690	55127	43799
691	52484	43422
692	52484	43799
693	53239	43799
694	53616	43800
695	53239	44177
696	53994	43799
697	54372	43800
698	53239	44554
699	54749	44177
700	52861	44933
701	53616	44555
702	52484	44932
703	55882	44554
704	53239	44932
705	54749	45688
706	54372	45687
707	54750	45687
708	53994	46065
709	54749	46065
710	56260	45687
711	56637	46065
712	57770	46065
713	55882	46442
714	56637	46443
715	60036	46442
716	55882	46821
717	55505	46443
718	64567	46820
719	58147	46820
720	55504	47198
721	56637	46821
722	55504	47576
723	58902	47576
724	63811	48708
725	61168	47953
726	63812	47953
727	71363	53239
728	64567	47952
729	66454	48331
730	55882	48331
731	65699	49086
732	60036	48708
733	58902	48708
734	56638	49086
735	56260	49085
736	60035	49086
737	74761	52861
738	58903	49085
739	64567	54371
740	58148	49463
741	57393	49463
742	61546	49841
743	59658	50218
744	66832	50218
745	58902	50219
746	59658	51351
747	73629	50596
748	58147	50219
749	1614916	55126
750	46820	51729
751	48331	51728
752	43422	55127
753	54749	51351
754	43045	50973
755	43045	51728
756	43422	52106
757	58147	51729
758	57393	52484
759	57392	56638
760	58148	52106
761	57770	52484
762	77782	56259
763	58903	56637
764	53239	55882
765	44932	55882
766	43422	56260
767	43422	56260
768	43422	56260
769	43422	56259
770	43799	56637
771	44177	57015
772	54749	56637
773	59281	57014
774	60035	57015
775	60035	57015
776	59280	57393
777	58903	57392
778	60036	57393
779	58525	57770
780	45688	57770
781	49463	57770
782	45687	58148
783	45310	58147
784	45310	58147
785	44932	58525
786	45687	58525
787	46065	58525
788	46065	58525
789	45687	59280
790	46065	60413
791	46065	60035
792	45687	60413
793	46820	59658
794	46442	60036
795	46443	60035
796	47198	59658
797	46820	60036
798	46442	60413
799	46065	60790
800	46443	60790
801	46820	61168
802	46442	60414
803	46820	61546
804	46443	61168
805	47575	61168
806	47198	61546
807	48330	61923
808	46820	61923
809	47575	61546
810	47198	61923
811	46820	62301
812	47953	62301
813	47575	62301
814	47198	63056
815	47953	63056
816	47575	63057
817	47953	62678
818	47953	63056
819	47197	63434
820	48331	63433
821	47953	63811
822	47952	63812
823	48330	63811
824	48331	63433
825	48330	63812
826	48330	64567
827	48331	64944
828	48330	64944
829	49085	64944
830	48708	64944
831	47953	65321
832	47953	69475
833	48330	65700
834	49463	65699
835	49841	66832
836	51729	65699
837	49086	66077
838	52862	65699
839	51728	66077
840	50974	65699
841	53994	66077
842	49841	66454
843	49841	66831
844	49463	67210
845	49841	66831
846	49841	67587
847	49841	67587
848	50596	67587
849	49463	67587
850	50218	67965
851	50219	67964
852	50218	67965
853	50973	69098
854	51352	68342
855	50974	68720
856	52106	68720
857	50596	68343
858	50974	69097
859	50974	69097
860	50973	68720
861	51351	69475
862	50974	69097
863	50974	69475
864	50596	70230
865	50596	70230
866	51351	69852
867	51351	70230
868	52106	70231
869	51351	70230
870	53239	75894
871	50974	72495
872	51729	70985
873	52106	71363
874	52484	72873
875	52106	71741
876	52106	72118
877	54749	71741
878	52106	72496
879	56260	71740
880	52862	72495
881	51351	72118
882	51351	73251
883	51729	73250
884	53238	73251
885	52862	72873
886	52861	77782
887	52862	73628
888	52106	78159
889	53239	78537
890	51728	74006
891	52484	73251
892	51351	74383
893	51351	74761
894	52484	77404
895	52484	74384
896	57770	74761
897	55505	75139
898	52484	74384
899	52106	75139
900	52483	76272
901	52483	75517
902	53239	75894
903	53617	81180
904	52484	75516
905	53239	75516
906	53239	75516
907	53616	75516
908	53239	76271
909	53239	76271
910	54749	77027
911	55127	76649
912	53994	77026
913	53994	77027
914	54749	77405
915	53994	77404
916	54372	78159
917	54749	77404
918	57392	77782
919	54372	78537
920	57015	78537
921	56638	78159
922	56637	79292
923	55504	81180
924	56637	81935
925	54749	78537
926	54371	78915
927	55127	79292
928	55127	79292
929	55127	79670
930	56260	79669
931	55504	79670
932	55127	80425
933	55127	80425
934	54750	80425
935	54749	80425
936	55504	81180
937	56637	80425
938	55882	80803
939	55127	82313
940	60791	81557
941	57015	81558
942	55505	81557
943	59281	83823
944	65322	87977
945	56260	82690
946	57014	82691
947	55882	82690
948	56259	82691
949	57015	84200
950	66454	83068
951	56637	83823
952	57015	88731
953	56637	83445
954	58148	85333
955	56637	85333
956	60790	87599
957	78159	164626
958	85334	140838
959	76649	87221
960	58525	96283
961	57393	87599
962	61168	84956
963	63434	85711
964	56638	86466
965	57393	86843
966	57770	86466
967	58148	86088
968	57770	86844
969	62678	89487
970	58147	86089
971	57770	86089
972	58525	87221
973	57770	87222
974	57392	86844
975	62679	87976
976	58525	87599
977	60790	86844
978	59281	87598
979	58903	88354
980	58903	87599
981	58903	87599
982	58902	88354
983	58903	88354
984	58903	88354
985	58903	89109
986	62678	88732
987	60413	91375
988	62678	91375
989	61546	90997
990	61923	89109
991	59658	89487
992	58902	89865
993	60035	90242
994	59280	90620
995	58903	90241
996	59281	89864
997	60791	90619
998	59280	90997
999	63056	91374
1000	61168	90997
1001	59658	90997
1002	59280	91375
1003	60790	91752
1004	59280	91753
1005	59658	91752
1006	60035	91752
1007	60791	92507
1008	60035	92885
1009	60791	92508
1010	59658	93263
1011	61168	93641
1012	60413	93640
1013	60413	93640
1014	60791	94018
1015	60790	94018
1016	60413	94395
1017	60791	94395
1018	60413	94018
1019	60791	93640
1020	60413	95151
1021	60791	94395
1022	63811	95528
1023	60413	95150
1024	61169	94773
1025	60413	95151
1026	61546	95905
1027	61924	95905
1028	61924	95905
1029	61923	96283
1030	62301	95528
1031	62301	96283
1032	62679	97038
1033	62301	95906
1034	63811	96661
1035	63056	97794
1036	62301	97416
1037	63056	97416
1038	62678	97416
1039	63056	97794
1040	62301	98171
1041	62678	98171
1042	62301	98549
1043	63433	98171
1044	63056	98549
1045	65322	100059
1046	63056	98927
1047	63812	98926
1048	63811	112142
1049	63811	101947
1050	63811	99304
1051	63811	102324
1052	65699	101947
1053	63434	102324
1054	66077	100436
1055	64566	102325
1056	63811	101569
1057	68720	102325
1058	64189	100814
1059	63434	102324
1060	64189	101191
1061	64189	102703
1062	64567	101947
1063	70985	102325
1064	66077	102702
1065	64566	102702
1066	64189	103079
1067	64944	102703
1068	86844	107610
1069	86466	103835
1070	87599	104968
1071	84955	103458
1072	87599	103834
1073	86844	104213
1074	89486	104968
1075	92130	104212
1076	86844	103835
1077	96284	104590
1078	89109	104968
1079	91752	105723
1080	87599	104968
1081	86844	104967
1082	87222	104967
1083	86844	105345
1084	86844	106100
1085	87599	105345
1086	86843	105346
1087	88732	105723
1088	86844	107611
1089	86844	106855
1090	94018	107233
1091	88354	107233
1092	88354	107233
1093	89109	107233
1094	89109	107233
1095	88354	106855
1096	89487	107988
1097	88732	109499
1098	89487	109876
1099	97793	107989
1100	91375	108366
1101	90619	109121
1102	89864	109121
1103	87977	109121
1104	88732	109498
1105	89486	108744
1106	89110	109876
1107	94773	110254
1108	90620	114407
1109	92130	113274
1110	92130	112142
1111	90620	110254
1112	96284	110632
1113	90619	111009
1114	90242	110632
1115	90620	115917
1116	90997	111387
1117	90242	111764
1118	90997	112142
1119	90997	112142
1120	93263	112519
1121	91752	112897
1122	90242	113275
1123	91375	112897
1124	90997	113652
1125	90242	113652
1126	91752	118183
1127	91375	115163
1128	91375	112897
1129	92130	114407
1130	95151	114029
1131	92130	119693
1132	93263	114785
1133	99681	114785
1134	91752	115162
1135	91375	120448
1136	91375	120071
1137	93640	115918
1138	90620	117805
1139	90242	117050
1140	90242	122336
1141	91752	117806
1142	91375	116295
1143	91752	119316
1144	94396	117428
1145	95150	117428
1146	93640	117050
1147	92130	116673
1148	93263	117428
1149	92130	117805
1150	92130	118938
1151	93640	118183
1152	92885	118183
1153	92885	117805
1154	97794	118938
1155	92885	121204
1156	93263	119315
1157	93262	121582
1158	95906	121581
1159	99681	118561
1160	93640	119694
1161	93263	118938
1162	93262	120449
1163	94773	119316
1164	95905	120449
1165	94395	125735
1166	99304	124224
1167	94773	120826
1168	93263	122336
1169	97793	121959
1170	97416	130643
1171	101570	122714
1172	94773	122336
1173	97038	124224
1174	96284	129510
1175	101192	133664
1176	98926	123470
1177	94395	123847
1178	94018	124979
1179	98549	126867
1180	93641	126489
1181	93640	123847
1182	95906	124979
1183	94773	126867
1184	99681	124602
1185	97416	124225
1186	94773	123847
1187	95528	126112
1188	95151	124979
1189	97416	125735
1190	97794	125735
1191	97793	125735
1192	100436	125735
1193	96283	125735
1194	101569	126113
1195	108366	126112
1196	100059	126868
1197	106478	126868
1198	100815	127622
1199	100059	127622
1200	97416	127623
1201	107234	127245
1202	98171	128000
1203	97793	128378
1204	106478	128377
1205	107611	130266
1206	122336	128756
1207	102702	132531
1208	114030	129510
1209	109876	128001
1210	103835	129511
1211	99682	130265
1212	98172	129888
1213	98171	129510
1214	105345	130643
1215	107233	131399
1216	109498	130644
1217	104212	131021
1218	102325	131020
1219	107988	131398
1220	107988	131776
1221	102325	131398
1222	104967	131776
1223	103457	131021
1224	102702	132153
1225	100436	132154
1226	100059	132909
1227	106478	132909
1228	105345	143859
1229	102703	134041
1230	111386	135552
1231	105346	132909
1232	117806	134419
1233	109499	137062
1234	114407	135174
1235	102325	135929
1236	100815	135552
1237	105345	137062
1238	100814	138572
1239	98926	137440
1240	99304	135929
1241	102324	134796
1242	111009	139327
1243	99304	135551
1244	100437	137062
1245	98927	137439
1246	106478	136684
1247	100059	135929
1248	99304	136307
1249	106856	137440
1250	101570	140838
1251	106855	140461
1252	107989	140082
1253	112897	140083
1254	101569	137818
1255	100436	138950
1256	100059	139328
1257	103458	139705
1258	101569	138950
1259	101947	139705
1260	101192	140460
1261	102325	139705
1262	101569	140083
1263	101570	140083
1264	101192	140838
1265	101192	140837
1266	101569	141216
1267	102325	141215
1268	101570	141593
1269	102324	141594
1270	106855	141971
1271	106478	141593
1272	107988	142348
1273	102325	142348
1274	101947	141593
1275	101192	143481
1276	101570	142726
1277	101947	143481
1278	103080	143481
1279	101192	143858
1280	101191	143481
1281	101947	144236
1282	103457	144236
1283	103457	144236
1284	102702	144614
1285	102325	144236
1286	104213	144614
1287	103458	144991
1288	103457	144991
1289	105346	145369
1290	103835	146501
1291	109876	146124
1292	103457	145746
1293	103457	145747
1294	104968	149522
1295	105346	146879
1296	107233	149522
1297	106855	158584
1298	106855	149900
1299	104968	148012
1300	105723	147634
1301	104967	148390
1302	104590	158584
1303	107610	148768
1304	106855	149523
1305	104968	153298
1306	106478	161605
1307	109499	149900
1308	107233	149145
1309	112142	149900
1310	107233	154809
1311	115162	154053
1312	106856	149899
1313	107611	151033
1314	105345	154431
1315	120449	154053
1316	105723	151410
1317	106101	153675
1318	106478	157829
1319	106100	152165
1320	106855	152543
1321	105345	152543
1322	106478	152921
1323	106478	152920
1324	107989	152921
1325	107611	153298
1326	107611	152920
1327	114785	153298
1328	107611	154053
1329	110254	153298
1330	108366	154430
1331	108365	154431
1332	108743	155186
1333	111009	155186
1334	107988	155186
1335	109876	155186
1336	111387	155186
1337	107988	155941
1338	115918	160472
1339	110254	160094
1340	111386	158585
1341	108744	156696
1342	108366	157452
1343	109499	157074
1344	108366	157451
1345	115918	157829
1346	109121	156697
1347	109121	158207
1348	109498	158207
1349	109121	168023
1350	108744	158962
1351	112519	158962
1352	111009	158585
1353	116295	159340
1354	120826	159717
1355	113652	160095
1356	125357	160095
1357	111387	160472
1358	114407	160094
1359	119694	161604
1360	117427	160850
1361	110632	161227
1362	119316	161604
1363	132154	160849
1364	127245	161983
1365	119316	162360
1366	131020	162360
1367	123469	163115
1368	114407	162738
1369	113275	162737
1370	115163	173687
1371	129132	163493
1372	121582	165758
1373	121959	164248
1374	120071	178974
1375	124980	167646
1376	118561	169534
1377	117428	169912
1378	115918	175575
1379	111764	165758
1380	117806	165381
1381	116672	177841
1382	113652	168779
1383	112519	165758
1384	115540	166136
1385	115162	170667
1386	132531	166891
1387	134041	166891
1388	123092	167646
1389	122713	166891
1390	113274	167646
1391	112520	168401
1392	112141	167269
1393	112142	168023
1394	112897	168401
1395	114407	168779
1396	118560	178219
1397	119694	169156
1398	116295	169156
1399	114029	170290
1400	114030	170289
1401	114784	170667
1402	131398	176330
1403	116673	171422
1404	118183	183127
1405	116673	174443
1406	114785	172177
1407	116295	170667
1408	123091	174066
1409	123847	178219
1410	115917	176708
1411	126867	175198
1412	131776	176331
1413	116295	172555
1414	126867	173310
1415	116296	178596
1416	114784	172933
1417	115162	174065
1418	114785	174065
1419	115162	174065
1420	118183	175198
1421	122714	174442
1422	119316	173687
1423	117428	175953
1424	117050	174821
1425	117051	175575
1426	116673	176330
1427	117805	176330
1428	118561	177086
1429	118938	176330
1430	121959	175953
1431	118938	177463
1432	118938	177463
1433	118938	177086
1434	118183	178219
1435	118183	177841
1436	118183	177841
1437	118561	178596
1438	118938	177841
1439	120071	178219
1440	116673	185392
1441	117806	178973
1442	137062	182372
1443	118939	198607
1444	124979	191812
1445	122714	183505
1446	117805	182749
1447	127245	185015
1448	119694	192566
1449	119315	183505
1450	119316	184637
1451	131398	183882
1452	119315	183505
1453	119693	186903
1454	119694	181616
1455	120826	182372
1456	118938	183127
1457	118938	182749
1458	117805	183505
1459	118183	183882
1460	117805	183882
1461	118560	184638
1462	120826	183882
1463	127623	183127
1464	119316	183882
1465	118938	185015
1466	120448	185015
1467	121203	185015
1468	119694	185393
1469	120826	184260
1470	119316	186525
1471	120448	189546
1472	120071	186525
1473	128377	187658
1474	120070	185393
1475	120448	189924
1476	123847	190301
1477	123091	191056
1478	120826	190301
1479	129888	188791
1480	121204	188413
1481	121959	190301
1482	121581	188791
1483	121204	188790
1484	121581	189169
1485	121958	191812
1486	123469	189923
1487	122337	191434
1488	121959	190301
1489	137817	192944
1490	123092	190679
1491	122714	190679
1492	126112	191812
1493	122337	190301
1494	127245	191434
1495	130644	192566
1496	155186	254490
1497	132154	193699
1498	134042	198230
1499	135930	196720
1500	136685	193322
1501	124980	193699
1502	124979	198231
1503	135552	197098
1504	121582	196342
1505	122714	198608
1506	133664	198230
1507	121959	195209
1508	123847	198608
1509	130266	199363
1510	125357	200496
1511	134797	195964
1512	123846	195965
1513	131020	196720
1514	134419	195965
1515	131776	195587
1516	122714	196720
1517	122714	197475
1518	124979	197475
1519	123091	198608
1520	123470	198607
1521	124224	197475
1522	140838	198986
1523	135929	199363
1524	139328	199363
1525	145746	198986
1526	132909	199741
1527	124224	208425
1528	124602	200118
1529	126112	209558
1530	129133	202383
1531	126112	203139
1532	127623	200874
1533	128377	200119
1534	132532	203894
1535	124224	201629
1536	125734	208425
1537	128001	204649
1538	131399	205404
1539	130266	214466
1540	138572	202006
1541	139705	206537
1542	124225	214844
1543	126867	216732
1544	126112	205027
1545	126490	210313
1546	136684	209558
1547	125357	205027
1548	135929	205404
1549	155186	206537
1550	128378	207292
1551	126489	205782
1552	128755	207292
1553	126867	208425
1554	126868	206914
1555	129132	205405
1556	128000	208048
1557	134041	208425
1558	128000	207669
1559	130266	208047
1560	128377	210313
1561	127622	210313
1562	129511	208425
1563	129888	208425
1564	129888	211068
1565	129133	211445
1566	129510	223151
1567	131020	210313
1568	128378	220508
1569	128001	215222
1570	130265	210313
1571	133287	212201
1572	137440	215221
1573	132154	217109
1574	132154	211445
1575	130266	211446
1576	130265	213711
1577	130266	214089
1578	131398	212200
1579	132909	215599
1580	130643	215221
1581	129511	214466
1582	129511	212956
1583	131776	213711
1584	131020	215599
1585	130266	216354
1586	134796	214467
1587	131399	214466
1588	131021	217109
1589	131398	217109
1590	131776	216731
1591	133664	216731
1592	131399	217864
1593	131398	219753
1594	134797	216354
1595	132531	217487
1596	131021	223528
1597	131776	219375
1598	129888	217487
1599	137063	222773
1600	131776	218997
1601	137818	224283
1602	133287	230324
1603	132909	223906
1604	135552	223528
1605	132154	223905
1606	134797	221640
1607	131021	218997
1608	146502	219752
1609	131776	219752
1610	142348	236743
1611	133664	223150
1612	134041	220886
1613	137440	221263
1614	135174	229192
1615	136307	225039
1616	138950	226171
1617	147635	224283
1618	132909	225038
1619	141593	229947
1620	138572	226549
1621	132909	224283
1622	135174	229947
1623	137440	223528
1624	134797	226549
1625	139327	226172
1626	149144	224284
1627	148389	225039
1628	149144	225039
1629	139327	227304
1630	150278	227681
1631	134796	230702
1632	138195	227304
1633	139705	228814
1634	135174	229570
1635	146124	228437
1636	138572	227304
1637	141216	227304
1638	138572	227304
1639	137818	229570
1640	151410	229947
1641	143104	228814
1642	138950	229192
1643	139328	228814
1644	141215	231458
1645	137818	240519
1646	135930	229947
1647	140461	229569
1648	158584	230325
1649	145747	232967
1650	159716	233346
1651	151033	233345
1652	152165	231080
1653	138195	231080
1654	138195	229192
1655	138572	235234
1656	138572	234856
1657	141971	232590
1658	142726	232968
1659	150277	236744
1660	140083	238254
1661	139328	388531
1662	142348	238631
1663	145746	238632
1664	144236	236366
1665	141594	240141
1666	141215	236744
1667	138573	238254
1668	137817	243162
1669	141216	239386
1670	139705	236366
1671	143104	242407
1672	140838	237121
1673	143104	240897
1674	144991	239387
1675	137817	239764
1676	137817	237876
1677	140838	238254
1678	143104	238631
1679	140083	242407
1680	140838	240897
1681	138950	242785
1682	140083	238631
1683	143104	239009
1684	142725	240897
1685	141971	243163
1686	141593	243540
1687	147257	242785
1688	144236	243917
1689	144236	246561
1690	145369	241652
1691	139705	243918
1692	148767	244673
1693	143481	244295
1694	143481	242784
1695	143481	243163
1696	144614	243917
1697	142725	245806
1698	143481	245805
1699	143859	246183
1700	150277	244673
1701	141216	245050
1702	144613	245428
1703	143858	248449
1704	143103	247316
1705	143859	248449
1706	142726	247693
1707	143481	244673
1708	145746	246183
1709	155186	262042
1710	142725	388909
1711	145746	253735
1712	141970	249959
1713	143858	254113
1714	156319	252602
1715	143103	252602
1716	144614	253735
1717	147257	262419
1718	142726	251469
1719	145746	257511
1720	142349	251846
1721	142725	262797
1722	141216	252224
1723	140083	250714
1724	205405	251091
1725	147257	251091
1726	147256	251470
1727	142726	253735
1728	149145	253734
1729	158584	254113
1730	148012	268461
1731	144992	252979
1732	148389	252980
1733	146124	252979
1734	170667	260531
1735	147635	256755
1736	163115	260531
1737	158207	261286
1738	153298	259021
1739	142348	262797
1740	142726	261286
1741	152543	259776
1742	146124	267328
1743	148767	257133
1744	145369	260153
1745	148767	263552
1746	148390	259021
1747	157829	259399
1748	150655	261664
1749	145369	257511
1750	144614	257888
1751	155186	258644
1752	151032	258644
1753	150655	261286
1754	151787	261287
1755	146502	261286
1756	147635	262041
1757	174442	380980
1758	159717	262419
1759	146502	263174
1760	146879	268461
1761	147256	290361
1762	152165	266950
1763	151032	261664
1764	170667	266950
1765	156319	263929
1766	145369	272236
1767	150278	286584
1768	154053	268460
1769	143858	270726
1770	146124	268083
1771	145368	265818
1772	145369	262797
1773	150277	264685
1774	155564	264685
1775	148767	265062
1776	145746	268083
1777	147635	267705
1778	148767	269215
1779	155564	268082
1780	154431	268083
1781	153299	268838
1782	147635	266950
1783	148012	266573
1784	157829	267706
1785	149523	268082
1786	147635	268083
1787	148390	269593
1788	147257	269593
1789	146879	271482
1790	146880	271103
1791	147257	270726
1792	149522	277145
1793	150277	274880
1794	155941	270349
1795	148012	270348
1796	150278	270726
1797	149144	273369
1798	147257	273747
1799	148012	273369
1800	150277	274502
1801	190301	273747
1802	148767	415339
1803	149145	289227
1804	151033	278278
1805	149900	276012
1806	151787	277145
1807	149522	276390
1808	150655	277145
1809	149145	280543
1810	149144	274880
1811	152165	285074
1812	154808	278278
1813	160472	278277
1814	150277	278278
1815	149900	290360
1816	149523	283941
1817	151410	283564
1818	149900	279410
1819	157452	280165
1820	152543	280166
1821	157829	276390
1822	152165	278278
1823	153298	279033
1824	154431	279033
1825	153298	279033
1826	157829	279033
1827	153298	280165
1828	152921	282053
1829	153676	282809
1830	150277	283564
1831	153298	282809
1832	157074	283563
1833	152921	282431
1834	152543	286962
1835	152920	283942
1836	156318	284697
1837	161227	284319
1838	164248	286585
1839	158206	283564
1840	171422	285829
1841	157452	286584
1842	159340	286584
1843	157074	284696
1844	167646	285074
1845	200118	433464
1846	168779	297534
1847	175198	292626
1848	168024	288094
1849	159717	289605
1850	159339	294514
1851	158206	289228
1852	156697	293380
1853	157829	287340
1854	154431	290360
1855	156318	288095
1856	153676	288472
1857	164625	288850
1858	155564	288850
1859	157074	290360
1860	156319	289605
1861	165381	294891
1862	165003	290360
1863	160472	297157
1864	164625	306974
1865	166136	291870
1866	171422	297157
1867	166891	306218
1868	181239	300177
1869	184260	296401
1870	163492	293381
1871	158962	315280
1872	161983	295646
1873	160850	297534
1874	157074	303576
1875	160094	293759
1876	159339	294514
1877	168401	294136
1878	159717	295268
1879	157451	300177
1880	159340	295646
1881	163870	300555
1882	171422	295646
1883	157074	302820
1884	158962	297534
1885	158962	308861
1886	167646	433086
1887	178218	302443
1888	163115	297912
1889	164248	298290
1890	165758	300178
1891	165003	301310
1892	160850	306596
1893	164248	302065
1894	169157	312260
1895	164626	301310
1896	158584	309995
1897	165381	300555
1898	160472	305841
1899	158962	301687
1900	160850	301310
1901	160472	302066
1902	159717	302066
1903	163492	302443
1904	160095	316413
1905	163115	302820
1906	178973	304708
1907	160849	302821
1908	164626	312637
1909	164248	305463
1910	158962	308861
1911	161982	305086
1912	162360	309239
1913	159716	306974
1914	161983	312260
1915	161227	308107
1916	161604	313393
1917	161228	308861
1918	171800	313015
1919	160094	309239
1920	159339	314148
1921	162738	316413
1922	160850	316791
1923	166514	315658
1924	164248	315281
1925	163870	316791
1926	168779	316414
1927	160472	315658
1928	159717	322832
1929	159717	316791
1930	169912	334915
1931	160094	311883
1932	163870	313770
1933	161983	313015
1934	165758	315280
1935	165003	314526
1936	169912	312260
1937	171422	316413
1938	175198	313015
1939	193700	317169
1940	167269	313770
1941	164626	318301
1942	174820	314148
1943	172177	321322
1944	175952	316414
1945	166891	321699
1946	169156	317546
1947	168024	322077
1948	187658	317924
1949	205404	318679
1950	196720	325098
1951	195965	332649
1952	183882	319812
1953	169911	318679
1954	187280	328496
1955	171044	326231
1956	165003	330761
1957	163870	328118
1958	162737	327741
1959	167646	321322
1960	164625	326231
1961	162737	322077
1962	165003	325098
1963	166891	335670
1964	183127	323587
1965	166514	472354
1966	177841	322832
1967	165380	327741
1968	199741	325098
1969	197475	341334
1970	195964	328496
1971	193322	336047
1972	174443	323965
1973	171422	323587
1974	168401	327741
1975	167646	323587
1976	169534	329628
1977	174065	326986
1978	167269	331516
1979	168024	329251
1980	166513	333027
1981	171044	329628
1982	173688	335670
1983	181995	330384
1984	171800	336047
1985	168023	335670
1986	171422	339823
1987	172932	334160
1988	167646	331894
1989	174065	337558
1990	168024	334915
1991	165758	348130
1992	165758	331517
1993	174442	332272
1994	168401	332272
1995	175953	333027
1996	168023	333404
1997	169534	331516
1998	226171	356060
1999	169534	341712
2000	205782	339446
2001	166513	334915
2002	173687	341712
2003	290360	337936
2004	172555	333404
2005	171045	338313
2006	173310	335670
2007	169157	345487
2008	171422	339445
2009	168779	439127
2010	166891	346998
2011	172555	345110
2012	185392	350018
2013	169912	338691
2014	175953	343222
2015	168401	339069
2016	169534	344354
2017	171045	349262
2018	175576	340201
2019	169156	340956
2020	171799	338313
2021	171045	343222
2022	174442	339446
2023	179729	346242
2024	177840	341712
2025	174065	348130
2026	170289	342466
2027	176709	342844
2028	181240	347752
2029	179351	353416
2030	171800	346997
2031	178218	342466
2032	172932	356815
2033	172177	344354
2034	185392	345110
2035	172555	345487
2036	170289	351529
2037	175953	349640
2038	180862	350395
2039	173310	349263
2040	201629	351906
2041	173688	348130
2042	176708	356059
2043	185393	349262
2044	194077	350773
2045	195964	346620
2046	196342	354172
2047	193322	350773
2048	189546	350018
2049	170289	354172
2050	176708	350018
2051	191434	357947
2052	186526	348885
2053	173310	355682
2054	171044	352284
2055	175953	351529
2056	174820	355682
2057	175198	368142
2058	179351	356059
2059	177085	351151
2060	182372	360213
2061	179729	353793
2062	182372	354171
2063	179351	361346
2064	195587	362101
2065	210313	359080
2066	197098	365121
2067	191056	356815
2068	185393	367764
2069	172932	357948
2070	182749	367009
2071	176331	361345
2072	177085	357570
2073	177464	357192
2074	179351	359080
2075	184260	494254
2076	177463	356814
2077	187280	361346
2078	186526	359835
2079	189923	360213
2080	177464	364743
2081	178596	357947
2082	177841	365121
2083	177086	361346
2084	183882	361724
2085	178596	381357
2086	180484	366631
2087	180484	365499
2088	183504	362856
2089	181995	374938
2090	182372	368519
2091	179351	371541
2092	181995	372672
2093	180106	376448
2094	188413	372673
2095	185770	387399
2096	180862	405145
2097	192944	369275
2098	179351	365877
2099	184637	383623
2100	200874	370030
2101	186148	371163
2102	179352	371917
2103	180861	379092
2104	232213	367009
2105	176330	367009
2106	179729	378336
2107	177086	375316
2108	385511	369274
2109	176330	368142
2110	179351	368142
2111	188413	368519
2112	179351	369652
2113	253357	369275
2114	179729	379092
2115	249581	371163
2116	180107	373806
2117	181995	370030
2118	177463	380225
2119	178219	372295
2120	193321	379470
2121	177085	373051
2122	191811	372673
2123	180107	373428
2124	180862	372295
2125	185015	382868
2126	186148	373428
2127	183127	374561
2128	180862	373805
2129	181239	371540
2130	181617	374939
2131	181617	375694
2132	180862	375694
2133	185771	376071
2134	181994	376449
2135	183127	376449
2136	182749	377204
2137	183505	375693
2138	182750	377959
2139	182749	376449
2140	182749	377582
2141	186147	379092
2142	184637	387399
2143	191812	396083
2144	193700	393817
2145	185393	382868
2146	184637	381357
2147	181617	380602
2148	181239	391552
2149	186525	381358
2150	181240	380602
2151	184260	380980
2152	183882	392685
2153	183882	382113
2154	192189	383246
2155	188791	382490
2156	185770	384000
2157	183505	383623
2158	184638	384755
2159	184260	385133
2160	185771	385133
2161	184637	389664
2162	190301	394573
2163	190301	385511
2164	185393	385133
2165	194077	385511
2166	192944	385133
2167	186903	387776
2168	260909	388153
2169	194832	399859
2170	193699	396838
2171	196720	390042
2172	185392	400236
2173	181617	392685
2174	187280	391552
2175	188414	390796
2176	389664	390041
2177	183883	390796
2178	189169	395327
2179	219375	399104
2180	191434	391552
2181	228436	391930
2182	205404	392685
2183	195210	393062
2184	211446	393440
2185	191434	393817
2186	205405	394195
2187	190301	393817
2188	206537	394573
2189	203516	394950
2190	227682	395705
2191	211446	410808
2192	188413	399482
2193	198608	398348
2194	187658	403257
2195	190679	400236
2196	197097	410432
2197	187658	409298
2198	192944	397593
2199	185393	396083
2200	187280	398727
2201	189168	399482
2202	186525	399103
2203	184259	399859
2204	186903	400614
2205	189168	398726
2206	187280	400992
2207	194455	400991
2208	188036	402124
2209	188035	400992
2210	188413	402502
2211	189168	402502
2212	188791	403257
2213	186903	403257
2214	187280	404012
2215	190678	415718
2216	191056	416850
2217	195587	405523
2218	205026	412697
2219	188413	406655
2220	212579	412319
2221	187658	410431
2222	194832	417983
2223	187658	411564
2224	184260	407033
2225	186903	407033
2226	189924	407788
2227	195587	405900
2228	187658	408543
2229	189545	408921
2230	189923	408544
2231	190678	409676
2232	191056	424024
2233	191057	419870
2234	192566	411187
2235	188036	410809
2236	191434	411563
2237	190302	411186
2238	191056	424402
2239	188791	410809
2240	189546	419493
2241	191056	417605
2242	196342	414585
2243	192189	420248
2244	200118	416095
2245	194076	423647
2246	198230	417605
2247	197098	415340
2248	196720	415717
2249	191434	416095
2250	191811	423269
2251	193322	416473
2252	192189	416850
2253	199741	416094
2254	200495	430821
2255	203894	416094
2256	211068	416850
2257	197852	418361
2258	215976	418738
2259	208425	419493
2260	198230	418738
2261	201628	420248
2262	193322	420248
2263	193699	421381
2264	193322	420626
2265	198608	421381
2266	200874	422136
2267	194077	422514
2268	212578	428932
2269	222396	422891
2270	211068	430821
2271	206914	458006
2272	218620	425912
2273	207293	434973
2274	190678	427800
2275	190679	431198
2276	192189	462915
2277	192189	425912
2278	213711	427045
2279	196720	424402
2280	205782	425157
2281	192566	426668
2282	191812	426667
2283	194832	437994
2284	194454	546738
2285	203516	433464
2286	197853	436484
2287	194454	436107
2288	203516	437995
2289	192944	439505
2290	192567	431953
2291	195587	432709
2292	190679	429688
2293	192567	431575
2294	194455	432330
2295	194832	432331
2296	193699	432709
2297	195210	434974
2298	202007	432708
2299	195587	433841
2300	194455	434596
2301	194455	437994
2302	200495	441393
2303	195587	435729
2304	195209	435729
2305	195209	445924
2306	194454	436484
2307	195965	436107
2308	202006	436861
2309	203516	438372
2310	200873	445546
2311	195587	444413
2312	201251	439883
2313	198607	450455
2314	194832	441015
2315	199363	439505
2316	194077	440260
2317	192945	444035
2318	202761	452342
2319	197098	441015
2320	197853	439127
2321	196720	441015
2322	197097	442526
2323	201251	441771
2324	197475	442525
2325	197475	443658
2326	197853	442903
2327	198608	453475
2328	203894	444413
2329	204271	444414
2330	200119	445546
2331	205782	445168
2332	198986	452342
2333	205026	465181
2334	204272	447434
2335	208047	457629
2336	196342	474998
2337	205404	448189
2338	229947	447434
2339	204649	447057
2340	197475	448566
2341	211824	448944
2342	205782	448944
2343	202384	452343
2344	219752	450077
2345	200873	450833
2346	199363	451210
2347	207292	452342
2348	209558	450454
2349	218620	465935
2350	209558	452720
2351	202383	451587
2352	212956	453097
2353	232968	453098
2354	230702	453098
2355	232212	453098
2356	266195	454230
2357	217865	454230
2358	202006	455364
2359	204272	455741
2360	205782	469334
2361	201251	461027
2362	228059	458006
2363	202762	474619
2364	198985	496897
2365	209558	461405
2366	202006	644531
2367	234856	459139
2368	200118	457629
2369	203139	468201
2370	203516	459139
2371	201250	470845
2372	203894	460272
2373	201628	461027
2374	204272	472732
2375	204271	477263
2376	209180	464048
2377	213333	473865
2378	204649	498785
2379	202383	472732
2380	207670	471222
2381	200874	463670
2382	200496	464803
2383	200496	464802
2384	203516	464425
2385	205027	465180
2386	209558	465935
2387	204272	465935
2388	203517	465558
2389	203517	466691
2390	206159	479151
2391	206537	467824
2392	203139	466313
2393	238631	467446
2394	205027	467824
2395	237122	477640
2396	218242	480662
2397	208425	470088
2398	231080	477263
2399	201629	474620
2400	214844	471599
2401	205027	475753
2402	202384	471599
2403	205027	471599
2404	204649	471977
2405	243918	471221
2406	206915	473109
2407	204271	481417
2408	206915	473487
2409	240897	474242
2410	209936	482549
2411	221640	475375
2412	206915	476885
2413	212201	476130
2414	208047	476508
2415	215221	476508
2416	210690	544472
2417	231458	480661
2418	208425	478773
2419	219374	487458
2420	212955	483305
2421	216354	480284
2422	208802	483682
2423	205405	479528
2424	213711	481417
2425	219753	492366
2426	211446	481039
2427	203894	481039
2428	205404	481794
2429	214844	486325
2430	207292	482549
2431	251846	482549
2432	213711	482927
2433	252224	483304
2434	240519	483682
2435	257133	484059
2436	286584	484060
2437	314525	485193
2438	230702	485193
2439	209935	488213
2440	226171	495387
2441	217865	487458
2442	240897	486702
2443	224661	488968
2444	259398	490479
2445	208803	488212
2446	212578	495387
2447	205405	498785
2448	206537	490478
2449	209936	489345
2450	216355	489723
2451	205782	490101
2452	215976	490478
2453	210313	490856
2454	209558	492366
2455	209180	494631
2456	218242	501806
2457	211068	492366
2458	211068	492744
2459	210313	500295
2460	210312	494632
2461	215222	495386
2462	210691	499540
2463	209558	497275
2464	214089	502938
2465	212200	501806
2466	209180	496142
2467	207670	496519
2468	208425	496897
2469	211445	510113
2470	208425	505581
2471	222773	502938
2472	210313	498407
2473	210690	498408
2474	213334	499163
2475	213334	499540
2476	211823	499918
2477	211823	500295
2478	214088	500296
2479	212956	516909
2480	223151	504071
2481	214844	512378
2482	212579	502938
2483	217109	505960
2484	216732	510112
2485	212956	524839
2486	208425	503694
2487	208047	504071
2488	209181	504071
2489	214089	513133
2490	218997	505204
2491	213711	505204
2492	219752	505960
2493	213334	506337
2494	227304	506715
2495	218243	508224
2496	220885	508603
2497	217110	508224
2498	235989	508980
2499	219375	514643
2500	222018	518042
